  -1.3714809e+00
   1.9570145e+00
   2.2961751e-01
   1.6933232e-01
   9.5005385e-01
   3.8268700e+00
  -5.8118669e-01
  -4.1465066e+00
  -3.3001362e+00
  -8.3108935e+00
   2.9838358e+00
  -4.4704849e+00
  -6.8239396e+00
  -5.9386957e+00
  -4.7242947e+00
  -1.0707633e+01
  -1.5996435e+01
  -6.3081662e+00
  -1.4466379e+01
  -9.4657644e+00
  -1.7962374e+00
   5.4664922e+00
   1.0453243e+01
   1.4329848e+01
   3.0454622e+01
   3.9786588e+01
   4.8177521e+01
   4.8842987e+01
   4.9745398e+01
   4.7085719e+01
   4.4521082e+01
   4.8001389e+01
   5.0919077e+01
   5.1075518e+01
   4.8110230e+01
   2.4020312e+01
   1.7525136e+01
  -2.7500473e+00
  -4.3549957e+00
  -9.4617460e+00
  -1.6397671e+01
  -4.5546943e+01
  -5.4812538e+01
  -6.1136199e+01
  -4.0664028e+01
  -5.4856230e+01
  -3.1945741e+01
  -3.7636949e+01
  -5.4894542e+01
  -6.6045742e+01
  -7.0760085e+01
  -5.4927551e+01
  -6.1245884e+01
  -6.5844423e+01
  -4.9236298e+01
  -5.9097058e+01
   4.8167628e+00
   7.3453576e+00
   8.3202419e+00
   1.9417631e+01
   2.7609885e+01
   3.3315051e+01
   3.8798375e+01
   4.1283150e+01
   4.5418330e+01
   4.9366445e+01
   5.0296386e+01
   5.5040062e+01
   6.0550477e+01
   7.1818934e+01
   7.0342301e+01
   7.4168326e+01
   7.0194384e+01
   6.2375761e+01
   6.6169917e+01
   6.0688056e+01
   6.7988013e+01
   5.8206640e+01
   4.8288257e+01
   4.6132290e+01
   4.6476053e+01
   4.6807534e+01
   4.5174701e+01
   2.4342301e+01
   9.2856583e+00
   2.6744519e+00
  -1.0904507e+01
  -2.4518641e+01
  -2.7131691e+01
  -2.0077117e+01
  -2.4840699e+01
  -2.8489582e+01
  -1.7669630e+01
  -1.7270712e+01
  -8.7469641e+00
  -1.8792054e+01
  -2.8563122e+01
  -3.2855513e+01
  -1.5788331e+01
  -1.2609968e+01
  -4.7416156e+00
  -2.3276868e+00
  -6.4920095e+00
  -8.4946190e+00
  -9.0923253e+00
  -5.9730616e+00
  -4.8318184e+00
  -1.8421099e+01
  -3.0982654e+01
  -2.6936904e+01
  -2.7210695e+01
  -2.5400315e+01
  -1.8372978e+01
  -2.2581053e+01
  -2.6032330e+01
  -2.8542145e+01
  -2.8638107e+01
  -1.5883973e+01
  -1.6300388e+01
  -2.0186035e+01
  -2.0595201e+01
  -2.0841693e+01
  -2.1243771e+01
  -2.1798485e+01
  -8.0597784e+00
  -4.0627746e+00
  -1.0527141e+01
  -1.0905135e+01
  -2.1182150e+00
  -5.1074863e+00
   4.3025765e+00
   2.2671640e+00
  -4.1580515e+00
  -6.6242406e-01
   1.0308466e+01
   1.1190063e+01
   2.1697822e+01
   2.9856432e+01
   3.3146722e+01
   2.4716067e+01
   2.7547350e+01
   2.7101394e+01
   2.9253065e+01
   2.2258739e+01
   2.1376515e+01
   2.3423190e+01
   2.3763574e+01
   3.1513705e+01
   3.2439348e+01
   2.9171055e+01
   2.3916742e+01
   2.7557331e+01
   2.7782317e+01
   2.7351812e+01
   3.1031300e+01
   3.2125466e+01
   2.9989627e+01
   2.8714869e+01
   2.3623247e+01
   2.1569716e+01
   1.6838278e+01
   1.8884501e+01
   1.4651140e+01
   5.9510693e+00
   4.5730338e+00
   5.8279407e+00
   5.2794688e+00
   1.7434601e+00
  -6.5544022e-01
  -5.7214805e+00
  -5.8040353e-01
   3.5272521e+00
   1.6056683e+00
  -1.2083733e+01
  -2.7417262e+01
  -2.8967636e+01
  -1.8505535e+01
  -1.8181457e+01
  -1.6419866e+01
  -1.3305891e+01
  -1.2057666e+01
  -9.1429164e+00
  -7.4133134e+00
  -6.0925054e+00
  -6.2481860e+00
  -1.4801662e+01
  -2.1829547e+01
  -2.2486798e+01
  -2.0534894e+01
  -1.8690533e+01
  -1.4190750e+01
  -2.0507278e+01
  -1.9464964e+01
  -1.5479610e+01
  -1.2960769e+01
  -1.0705695e+01
  -1.1014510e+01
  -1.6142675e+01
  -1.9142483e+01
  -1.8601874e+01
  -1.6672767e+01
  -1.5932098e+01
  -1.1472835e+01
  -1.3238314e+01
  -1.5272527e+01
  -1.7968867e+01
  -1.6979299e+01
  -1.3975407e+01
  -1.6292194e+01
  -2.2109686e+01
  -3.2538046e+01
  -3.7858264e+01
  -3.2357285e+01
  -2.3592940e+01
  -2.3109766e+01
  -2.3055359e+01
  -2.4182501e+01
  -3.3396331e+01
  -3.5744184e+01
  -4.0151725e+01
  -4.3887349e+01
  -4.6242994e+01
  -5.6101262e+01
  -5.3662151e+01
  -3.4497580e+01
  -3.0568969e+01
  -3.2137873e+01
  -3.8697180e+01
  -2.8980306e+01
  -2.5803325e+01
  -2.1472228e+01
  -1.5455040e+01
  -1.2077305e+01
  -1.8815651e+01
  -2.0607807e+01
  -1.1788297e+01
  -1.3841855e+01
  -1.0955965e+01
  -8.1858441e+00
  -4.2608006e+00
  -1.4631182e-01
   5.4434684e+00
   7.8654628e+00
   4.1241459e+00
   9.8198187e-01
  -4.3466199e+00
  -7.7888442e+00
  -6.7298447e+00
  -4.3837108e+00
  -2.8956386e+00
   1.9779497e+00
   3.6366112e+00
   6.6236385e+00
   3.9837218e+00
   6.3783556e+00
   5.8753928e+00
   7.8580280e+00
  -8.8340688e-01
  -1.9303271e+00
  -1.0943933e+00
  -3.3719973e-01
   2.8154082e+00
   6.2842465e+00
   4.6070199e+00
   5.1488532e+00
   3.4977477e+00
   3.1433214e+00
  -1.5427995e+00
  -5.9415729e+00
  -1.0723744e+01
  -1.6289484e+01
  -1.1562282e+01
  -1.3136232e+01
  -1.1157302e+01
  -8.5278823e+00
  -3.8961699e+00
  -3.6291947e+00
   1.1502255e+00
   4.9505230e+00
   1.5648716e+00
   3.2929815e+00
   4.2824169e+00
   4.4023803e-01
  -2.0246380e+00
  -5.3681614e-01
   1.5817583e+00
   1.7792917e+00
  -7.7821549e-01
  -2.0425782e+00
  -8.6647052e+00
  -1.2542593e+01
  -1.4565014e+01
  -1.0419990e+01
  -1.4697606e+01
  -1.9977377e+01
  -1.9905818e+01
  -2.0651432e+01
  -2.0352210e+01
  -1.3227896e+01
  -6.9989069e+00
  -9.3881266e+00
  -8.2327094e+00
  -4.0879426e+00
  -2.1582289e+00
   7.2965031e-01
  -7.2661391e-01
  -6.2542908e+00
  -5.8681372e+00
  -4.7103037e+00
  -6.5396799e+00
  -9.3755760e+00
  -1.2044801e+01
  -1.2160651e+01
  -1.5440151e+01
  -1.5769290e+01
  -9.1197922e+00
  -2.6065348e+00
  -7.2285961e+00
  -5.2479497e+00
  -2.7289754e+00
  -9.1716123e-01
   6.6908631e+00
   7.9460597e+00
   1.0898748e+01
   1.1369155e+01
   1.0765034e+01
   1.4887130e+01
   1.5848244e+01
   1.5720858e+01
   1.1038065e+01
   1.0369924e+01
   1.2870127e+01
   1.1356410e+01
   4.4193873e+00
   2.8419409e+00
   2.0402789e+00
  -4.3798254e-01
  -4.0622364e+00
  -5.9498531e+00
  -3.6290825e+00
  -4.9618143e+00
  -1.0345029e+01
  -1.7293457e+01
  -1.8832108e+01
  -2.1983864e+01
  -1.6666822e+01
  -3.9010509e+00
  -2.6936486e+00
  -3.4426613e+00
  -4.2109020e+00
  -2.8995078e+00
  -5.8843611e+00
  -9.5407609e+00
  -9.7428949e+00
  -6.9905492e+00
  -8.8032984e+00
  -8.7009440e+00
  -7.5949565e+00
  -1.1031810e+01
  -1.0948718e+01
  -1.4416154e+01
  -2.3411236e+01
  -1.9118949e+01
  -2.3134290e+01
  -2.3334396e+01
  -2.8796717e+01
  -3.3103374e+01
  -3.6394777e+01
  -3.0358631e+01
  -2.2791909e+01
  -2.4249947e+01
  -3.1972438e+01
  -3.5688530e+01
  -3.2721797e+01
  -2.3243761e+01
  -2.6494674e+01
  -1.7889405e+01
  -2.1912623e+01
  -2.2840551e+01
  -1.8792263e+01
  -1.3796555e+01
  -5.4848337e+00
  -5.6230352e+00
  -5.2869037e+00
  -4.3079084e+00
  -3.6916876e+00
   3.2195867e+00
   4.8280186e+00
   3.0442546e+00
   2.3116801e+00
   3.0963158e+00
   3.9244294e+00
   5.6277905e+00
   6.2623077e+00
   6.0077349e+00
   2.8968667e+00
   1.2869056e+00
  -1.4430399e+00
  -5.2370299e-01
  -2.5464632e+00
  -2.5186749e+00
  -5.0066102e+00
  -1.1453100e+01
  -2.3104933e+01
  -2.5495014e+01
  -2.8193148e+01
  -3.1094001e+01
  -2.9665198e+01
  -2.5275404e+01
  -2.3314169e+01
  -1.7192631e+01
  -1.6765023e+01
  -1.9064261e+01
  -2.1113347e+01
  -2.1529551e+01
  -2.0731719e+01
  -1.1251762e+01
  -3.7042195e+00
  -3.0143904e-01
   6.0044070e+00
   6.5571617e+00
   5.7001679e+00
   1.0238177e+01
   1.5526370e+01
   1.9116662e+01
   1.7463562e+01
   1.8426461e+01
   1.9917804e+01
   2.2765469e+01
   4.1669562e+01
   4.2511811e+01
   4.5039997e+01
   4.8709424e+01
   4.9962843e+01
   4.8172077e+01
   4.4116319e+01
   3.6674434e+01
   2.8991046e+01
   3.8318141e+01
   4.1725452e+01
   4.1421981e+01
   4.4051777e+01
   4.8615965e+01
   5.0001300e+01
   4.4068486e+01
   4.4091559e+01
   4.4950579e+01
   4.3879828e+01
   3.7275879e+01
   2.7252898e+01
   1.8563690e+01
   1.7942550e+01
   2.6082260e+01
   3.0501329e+01
   2.8335532e+01
   2.4292628e+01
   1.8472502e+01
   2.1716591e+01
   2.4166061e+01
   2.1861420e+01
   2.1428830e+01
   2.5502627e+01
   2.9413573e+01
   3.5786845e+01
   3.9527319e+01
   4.0113983e+01
   4.1573714e+01
   4.2358854e+01
   4.3332491e+01
   4.2719020e+01
   4.7157904e+01
   5.0543144e+01
   5.3433012e+01
   5.0452211e+01
   5.4225475e+01
   5.6941743e+01
   6.1448491e+01
   6.6361751e+01
   6.6089668e+01
   6.4338537e+01
   5.5853293e+01
   5.4678075e+01
   5.8889005e+01
   5.9615063e+01
   6.6117909e+01
   6.3895184e+01
   5.9935514e+01
   5.5318704e+01
   4.4012442e+01
   8.1465777e+00
  -3.2888746e+01
  -3.8677460e+01
  -2.5288764e+01
   1.1261581e+01
   1.4856765e+01
   7.6529768e+00
   2.5601801e+01
   3.9592805e+01
   3.5494174e+01
   2.7273196e+01
   2.2186336e+01
   2.8083495e+01
   4.0619611e+01
   3.7514280e+01
   3.3518656e+01
   2.7711412e+01
   3.4474672e+01
   3.2814740e+01
   4.1104701e+01
   3.3896148e+01
   1.5108998e+01
   2.5106758e+01
   2.9441161e+01
   2.8964131e+01
   2.3195624e+01
   1.7569098e+01
   5.1230979e-01
  -8.4660245e+00
   3.2543826e+00
  -2.2278877e+00
  -1.9606280e+00
   1.1695462e+00
  -1.2725508e+00
  -5.7444646e-01
   1.2677782e+01
   1.7915633e+01
   1.2765872e+01
   1.3763632e+01
  -1.5782159e+01
  -4.1782194e+01
  -2.7595023e+01
  -1.6789847e+01
  -1.1909893e+01
  -2.1138817e+01
  -1.3718393e+01
  -3.5176871e+01
  -4.0827037e+01
  -2.0600131e+01
  -1.5801725e+01
  -2.6802177e+01
  -3.3892697e+01
  -3.6676868e+01
  -2.5015223e+01
  -2.4743521e+01
  -2.6250488e+01
  -1.9836168e+01
  -9.3179696e+00
  -1.1090532e+01
   1.1090984e+01
   1.6321625e+01
   7.8187927e+00
   2.2457814e+01
   5.0242481e+00
  -8.1052497e+00
   5.6751949e+00
  -1.2934844e+01
  -1.5968183e+01
  -2.1010876e+01
  -2.9898422e+01
  -1.8876927e+01
  -8.1312660e+00
  -9.0614911e+00
   1.5746989e+00
  -1.9529141e+01
  -3.4172247e+01
  -5.8884598e+01
  -5.2807469e+01
  -5.0391200e+01
  -4.9621132e+01
  -3.6820812e+01
  -1.4118478e+01
  -8.6416383e+00
  -1.9371553e+01
  -2.6950392e+01
  -5.1026821e+01
  -6.1379932e+01
  -9.5565360e+01
  -1.3364910e+02
  -9.6101231e+01
  -4.6434405e+01
  -4.4706828e+01
  -4.6343207e+01
  -3.3916743e+01
  -3.7738281e+01
  -2.2748345e+01
  -1.9687342e+01
  -6.7768631e+00
  -8.0424157e+00
